;10070;9979;9993;9957;10068;10013;10032;10033;9979;9981;9996;10018;9992;9980;10011
;11687;11608;11661;12595;11686;11684;12507;11732;12637;11575;12566;11497;11658;11693;11516
;12506;11843;10168;13585;10150;12437;13409;12516;13498;12473;13558;12491;10173;11952;10184
;12307;11531;9502;15008;10625;11525;13190;11442;13213;12320;13178;12308;9514;13610;9482
;11961;9553;10461;15358;12999;11972;11204;9121;10852;11996;12044;11134;10466;13701;9112
;11782;8132;11426;15918;15585;11756;10019;8898;10658;11979;10036;10158;10354;13760;9732
;11828;8086;11408;16092;15201;11647;11780;9102;11190;11785;10954;10176;11092;14007;11108
;11393;8459;11382;15089;9803;11672;10994;9166;11634;11785;9420;10135;14284;14028;11920
;9736;8248;11349;15531;9852;10798;11315;9059;11995;9928;10542;10128;13255;14124;15626
;9735;8241;11393;14901;9943;9900;12084;8919;11847;9910;8371;10109;13185;14046;15423
;9398;8821;12116;14515;10500;9908;11695;8810;11960;9791;9950;9518;13284;13764;15207
;9361;8492;12153;14129;10159;9863;8940;8035;11111;9748;7629;9634;12848;15240;12613
;9422;8801;11921;15211;11269;9864;8132;8601;10990;9789;7459;10892;12876;15946;13296
;9379;8351;11862;14676;11638;9786;8361;7969;12440;9724;7164;9388;12718;16907;15374
;9386;9249;12984;14630;12374;9670;8111;9555;12713;9794;7908;11317;12794;17243;13869
;9387;8326;12743;15307;13137;9676;5892;8058;12386;9758;7514;11033;12695;16921;15190
;9383;9255;12397;15162;8884;9772;6050;6498;10446;9751;6781;11097;12824;16650;16421
;9380;8855;9849;16880;9055;9719;5448;5489;9693;9776;6555;11058;12748;16585;11506
;9531;9601;12083;14381;6911;9817;5007;5388;10002;9487;5535;11237;13404;17583;11030
;9549;6675;12870;16923;6695;9765;4997;4774;8630;9999;6139;10748;13350;12339;15711
;9548;6906;10956;15411;5815;9825;3784;4421;7979;10368;7079;7486;13315;10591;15326
;9566;8860;11482;17390;4021;9759;3032;6113;7119;9043;6624;6425;8833;12318;11663
;9569;10528;10934;12124;4132;9811;3235;3673;7597;8446;6214;6999;8208;12717;11494
;9554;6464;11488;15475;3717;9248;1802;4342;9600;7548;6935;8291;7080;10730;11241
;9563;6126;10913;14930;4760;9266;2535;1610;8687;8235;5799;8523;7134;10408;9502
;9559;4224;11482;15773;3083;9120;653;106;6195;7160;3661;7442;6355;10321;7336
;9995;3914;10951;15033;3269;9189;400;940;7192;8273;3851;7772;5398;7791;6839
;9944;4060;11797;16179;2313;9150;400;1026;5212;7805;3118;10184;4318;7719;5793
;9797;2050;10949;12997;1189;9194;400;400;4971;8842;3260;10004;4033;6119;4063
;9318;2945;11453;16799;2469;9142;873;400;5606;7363;1;8193;3526;7005;3682
;10648;2232;10863;10863;2270;9246;400;400;5994;8266;400;11297;2017;6995;2983
;10831;1173;11416;8454;591;9239;400;567;7501;8008;400;11474;1722;6745;2773
;11009;1682;10920;7901;1075;9260;1;400;8814;9248;3726;10713;729;6698;2625
;10575;441;11392;8500;1602;9230;567;6598;8379;1365;11575;545;6120;2689
;12547;683;9772;8954;433;9298;570;2133;7611;1371;10770;33;5634;2636
;10520;904;10813;9102;698;9257;569;2102;7790;800;8674;2;5783;2623
;11011;863;10708;9980;400;9291;400;2083;6914;400;8273;2187;5706;2483
;15602;1200;10405;13114;400;8930;571;1688;6824;400;6358;2379;5830;2066
;9232;1200;7305;13153;400;8326;400;1926;7733;400;7273;1262;5548;2950
;8735;400;5662;13580;400;8302;565;2006;7230;400;8331;511;7028;1770




























































