;4,488281;4,223633;4,237305;4,166016;4,21875;4,291992;4,032227;4,342773;4,363281;4,391602;4,286133;4,310547;4,188477;4,46582;4,203125
;5,566406;5,357422;5,265625;5,490234;5,503906;5,478516;5,750977;5,551758;5,62793;5,388672;5,569336;5,453125;5,364258;5,368164;5,302734
;5,608398;5,854492;5,74707;6,038086;5,772461;5,53418;6,032227;5,52832;6,321289;5,545898;5,955078;5,314453;5,938477;5,734375;5,878906
;5,610352;6,133789;5,683594;6,066406;5,6875;4,612305;6,693359;6,271484;6,446289;5,178711;6,581055;5,28418;5,558594;6,178711;5,645508
;5,286133;5,6875;5,561523;6,038086;6,066406;5,02832;6,24707;5,236328;6,00293;5,119141;6,62207;5,083008;5,996094;5,828125;5,494141
;5,265625;5,308594;4,844727;6,40332;5,974609;5,551758;5,40918;5,302734;5,556641;5,324219;5,561523;4,756836;5,057617;6,016602;5,821289
;5,685547;5,0625;5,049805;6,844727;5,566406;5,138672;5,125977;4,842773;5,445313;5,210938;5,606445;5,306641;5,206055;5,788086;6,286133
;5,767578;5,561523;5,078125;6,578125;4,375977;5,521484;5,263672;4,764648;4,779297;5,571289;5,355469;5,321289;4,820313;6,138672;5,959961
;5,328125;5,211914;5,119141;6,09375;4,318359;5,432617;5,209961;4,564453;4,889648;4,950195;4,870117;5,489258;5,141602;5,832031;5,953125
;5,262695;4,964844;5,350586;5,889648;3,895508;4,978516;5,413086;4,766602;5,098633;4,958008;4,37207;5,071289;5,072266;5,830078;6,063477
;5,224609;4,297852;5,004883;5,879883;4,055664;5,242188;5,411133;5,104492;4,913086;4,71582;4,516602;4,970703;4,775391;5,827148;5,683594
;5,018555;4,423828;5,054688;5,047852;3,910156;5,042969;4,619141;4,953125;4,739258;5,082031;3,925781;4,834961;4,726563;6,043945;4,558594
;5,398438;4,745117;5,068359;5,240234;4,362305;4,97168;4,567383;5,268555;4,230469;5,126953;4,294922;5,379883;4,643555;6,191406;4,650391
;5,454102;4,233398;5,166016;5,179688;4,639648;5,164063;4,486328;4,65332;4,821289;5,003906;3,788086;5,010742;4,664063;6,726563;5,189453
;5,501953;4,682617;5,59375;5,126953;4,649414;5,092773;4,417969;4,560547;4,520508;5,344727;3,924805;5,089844;4,675781;6,40918;4,833984
;5,561523;4,667969;5,37207;5,282227;4,451172;5,071289;4,25;4,498047;4,458984;5,173828;3,96582;5,020508;4,648438;6,463867;4,750977
;5,366211;4,734375;4,935547;5,068359;3,694336;4,991211;3,583984;4,083984;4,249023;5,579102;3,941406;4,768555;4,901367;6,493164;4,859375
;5,476563;4,741211;4,231445;5,369141;3,610352;4,935547;4,100586;4,120117;4,097656;5,399414;4,041992;4,643555;5,005859;6,506836;4,235352
;5,288086;3,681641;4,040039;4,848633;2,967773;5,167969;3,651367;4,133789;4,003906;5,397461;3,866211;4,796875;4,811523;6,276367;3,733398
;5,486328;3,052734;4,155273;5,374023;3,185547;5,172852;3,458984;3,694336;4,032227;6,265625;3,797852;4,467773;4,879883;5,109375;4,613281
;5,46875;3,083984;3,77832;4,810547;3,00293;5,158203;3,004883;3,394531;3,69043;5,601563;3,730469;3,533203;5,226563;4,887695;4,094727
;5,293945;2,798828;3,680664;5,851563;2,523438;4,807617;3,023438;3,525391;3,404297;5,166992;4,019531;3,572266;4,331055;4,973633;3,044922
;5,405273;3,40332;3,43457;4,744141;2,508789;4,972656;3,154297;2,753906;3,676758;5,029297;3,673828;3,354492;4,004883;4,917969;2,649414
;5,246094;3,230469;3,746094;4,736328;2,626953;5,268555;2,74707;3,107422;3,957031;4,481445;3,558594;3,617188;3,647461;3,548828;2,520508
;5,436523;2,867188;3,375977;4,488281;1,800781;5,112305;2,165039;2,938477;3,704102;4,863281;3,557617;3,516602;3,543945;3,677734;2,178711
;5,603516;2,426758;3,867188;4,833984;2,359375;5,070313;2,745117;0,2695313;3,164063;4,901367;3,078125;3,564453;3,305664;3,22168;1,935547
;5,481445;2,290039;3,701172;4,523438;2,469727;5,135742;3,274414;2,174805;2,771484;4,993164;2,916992;3,52832;2,557617;2,689453;1,822266
;5,574219;2,348633;3,655273;5,010742;2,884766;5,048828;3,138672;2,358398;2,046875;4,768555;2,819336;3,708008;2,570313;2,549805;1,855469
;5,466797;1,867188;3,740234;4,505859;2,472656;5,271484;3,266602;2,459961;1,705078;5,328125;3,068359;3,326172;2,632813;2,484375;1,407227
;4,696289;2,057617;3,658203;4,179688;2,28125;5,001953;3,151367;2,454102;1,964844;5,245117;0,1376953;2,544922;2,313477;2,739258;1,4375
;5,047852;2,052734;3,776367;3,264648;2,175781;5,12207;3,259766;2,730469;1,99707;5,06543;3,206055;2,722656;2,102539;3,055664;1,648438
;4,751953;2,438477;3,738281;2,594727;2,146484;5,083984;3,373047;2,724609;2,306641;5,233398;2,999023;2,461914;1,954102;2,737305;1,426758
;4,412109;2,054688;3,599609;2,794922;2,150391;5,179688;0,08007813;2,793945;2,356445;5,382813;3,084961;2,708008;0,9941406;2,735352;1,501953
;4,404297;2,519531;3,698242;2,573242;2,310547;5,179688;2,655273;1,732422;5,260742;3,010742;2,651367;0,8427734;3,504883;1,969727
;4,430664;2,583008;3,398438;2,637695;2,398438;5,176758;2,680664;1,15918;5,916016;2,93457;2,8125;0,1347656;3,525391;1,78418
;4,052734;2,575195;3,626953;2,945313;2,058594;5,164063;2,683594;1,246094;5,331055;3,057617;2,34668;0,09082031;3,567383;2,013672
;4,362305;2,573242;3,479492;2,816406;2,287109;5,100586;2,863281;1,214844;4,87793;3,357422;2,3125;1,780273;3,326172;1,916016
;5,128906;2,628906;3,188477;3,118164;2,262695;5,285156;2,62793;1,314453;4,887695;3,220703;1,630859;1,998047;3,646484;1,80957
;4,013672;2,525391;2,632813;2,961914;2,383789;4,926758;3,083008;1,272461;4,916992;3,288086;1,728516;1,62207;3,736328;1,356445
;4,082031;2,568359;2,482422;3,337891;2,410156;4,915039;2,585938;1,640625;4,701172;3,424805;1,709961;2,130859;3,796875;1,825195




























































