;10139;10283;10199;10153;10202;10133;10098;10144;10261;10119;10128;10243;10243;10133;10208
;12945;13075;13043;10502;13001;10496;10489;10512;12970;12982;13016;13214;13258;12977;13102
;16431;16306;10731;12299;16272;12256;12316;12337;15885;16158;16178;16240;15856;16269;13435
;16231;15688;10424;12805;17248;12767;12710;12992;15630;17088;17464;15628;15931;16276;15024
;16544;14689;9742;12387;16747;12378;12439;12679;16110;12153;17658;15691;10730;16471;15835
;15448;17685;10527;10754;10393;10717;12847;12867;17161;13308;17349;11039;9585;12317;16376
;11891;11839;8309;11940;10639;12001;13171;12808;18237;12971;17961;9714;10563;12130;15078
;12152;10878;8878;12264;11795;12215;13121;13872;16419;12896;17887;8411;11626;14953;15672
;9679;10472;10893;11752;10471;11859;14052;14245;17786;12591;18449;7736;12031;14503;12429
;11203;7842;10428;11793;7967;12391;12552;14624;15848;11869;16481;10120;10960;15846;13195
;13012;10668;10846;11298;8506;11831;13149;15186;13777;11859;17024;8798;11793;16363;12389
;12706;9324;8685;11275;8903;11065;13806;14347;13278;9563;18267;7379;9552;10692;13543
;12756;6374;8297;11416;9595;10259;13891;14611;13607;8238;12211;7455;9587;12231;15875
;9471;7025;6799;10423;7872;7221;13704;15719;12944;8789;13270;5250;9577;9979;15008
;10356;6734;6082;9208;7509;6733;14198;14264;12569;9301;13102;4646;10612;8468;15858
;9726;5066;7036;9815;7221;6636;13775;14589;14256;8220;12594;4183;6827;7030;14425
;10530;4063;5945;8646;7295;6398;14949;13971;13823;7971;13787;4184;6759;6943;13852
;9414;4795;6000;10070;6623;7530;14276;13263;14020;10228;13487;3084;5709;14547
;7715;5069;6057;8570;6643;7168;14577;14273;14214;7291;10641;4610;4906;12466
;8590;5363;3347;8870;4397;5977;14254;11307;13762;7965;8265;4765;4548;12559
;8823;5224;3696;6838;3896;5645;13001;12295;11795;8085;8102;2027;6122;10159
;9647;4952;3403;6300;2402;4460;14505;11330;10006;9737;8406;4051;5315;11187
;7394;6087;3442;5840;2448;4509;14664;12359;11367;10102;9648;4116;5659;12639
;7546;3631;17;6049;1892;4800;11051;11331;13165;11640;8778;5569;14100
;7399;2209;564;7601;2022;4522;10959;14076;15762;10024;8376;5235;16023
;7813;2406;2;10101;2283;5099;7989;13425;14715;7928;7487;3311;15516
;6650;30;400;10892;2444;5463;9698;14085;15759;7573;4805;1844;16438
;7166;2693;400;6415;2666;4143;10960;13093;14764;7117;5176;1578;12917
;4046;400;400;5427;1182;2954;8666;14044;15718;4813;4600;1;9805
;3991;400;400;4140;1399;3465;8041;13397;14742;4447;4767;8140
;4144;400;400;3986;1464;3305;8111;14252;15123;6115;7105;6749
;5400;1;400;3377;12;4134;9026;13050;14747;1862;8598;6696
;6199;400;400;1659;5;4111;9476;14070;12397;1751;3534;5336
;6332;400;400;1567;1994;3040;9283;13104;13286;1912;3664;6162
;7985;400;400;1798;12;5;9605;14091;12886;1228;3130;6464
;12555;400;400;1514;1997;1307;8288;12781;12348;1550;2835;3073
;12461;400;400;5;400;8732;13729;12659;1217;2438;1247
;12781;400;400;1736;400;8525;12681;11941;1213;3478;1520
;10058;1;400;1889;400;8789;10255;11837;1234;2366;1346
;12318;400;400;1728;1402;8051;11719;11445;1457;1598;1083




























































