;4,813477;5,120117;5,094727;5,009766;4,797852;4,957031;4,863281;4,953125;4,970703;5,047852;4,749023;5,051758;5,185547;5,037109;4,983398
;5,615234;5,527344;5,607422;5,464844;5,603516;5,40332;5,479492;5,762695;5,831055;6,222656;5,570313;5,90332;6,046875;5,693359;5,908203
;6,282227;5,969727;5,365234;5,677734;6,786133;5,851563;5,770508;5,703125;6,143555;6,327148;6,420898;6,491211;6,410156;6,287109;6,09375
;5,935547;5,946289;5,886719;5,27832;7,37207;5,482422;5,694336;5,827148;6,134766;6,541016;6,535156;6,353516;6,196289;6,838867;6,131836
;5,96875;6,415039;5,384766;5,432617;5,956055;5,251953;5,550781;5,729492;6,168945;5,393555;6,351563;6,825195;5,003906;6,93457;6,014648
;6,304688;6,091797;6,117188;5,367188;4,959961;5,480469;5,450195;5,749023;7,118164;5,989258;6,624023;5,958984;4,613281;5,529297;5,698242
;5,237305;5,579102;5,663086;5,700195;4,518555;5,760742;5,477539;5,591797;7,34082;5,901367;6,834961;4,868164;4,569336;5,47168;5,874023
;5,03125;5,625;5,609375;5,611328;4,777344;5,642578;5,283203;6,0625;5,999023;5,545898;6,705078;4,641602;4,850586;5,728516;6,064453
;3,845703;5,682617;5,828125;5,335938;4,191406;5,391602;5,624023;6,220703;6,126953;4,361328;6,051758;4,701172;4,506836;6,170898;5,702148
;4,22168;5,201172;5,77832;5,535156;3,796875;5,854492;5,49707;6,049805;5,898438;4,458008;5,47168;4,897461;4,661133;6,389648;5,547852
;4,751953;5,522461;5,532227;5,206055;3,977539;5,68457;5,738281;5,737305;5,494141;4,347656;5,881836;4,638672;4,630859;5,882813;5,4375
;4,615234;5,076172;5,294922;5,208008;4,012695;5,561523;5,84082;5,25;4,99707;3,868164;6,379883;4,489258;4,469727;4,948242;5,308594
;4,303711;3,798828;5,257813;5,177734;4,759766;4,477539;5,749023;5,90332;5,325195;3,800781;4,65918;4,699219;4,080078;5,115234;5,186523
;3,679688;4,234375;5,283203;5,142578;4,196289;4,374023;5,681641;5,422852;4,870117;3,84375;5,368164;4,057617;4,280273;4,658203;4,886719
;3,671875;3,96582;4,826172;3,945313;4,28418;4,160156;5,860352;5,15625;5,291016;3,755859;4,764648;3,766602;4,433594;4,24707;5,31543
;3,461914;3,714844;4,78418;4,12793;3,876953;4,267578;5,588867;5,441406;5,329102;3,214844;3,767578;3,438477;3,912109;3,793945;5,186523
;3,515625;3,658203;4,28125;3,734375;3,504883;4,174805;5,621094;5,09668;4,964844;3,199219;4,092773;3,641602;3,657227;4,045898;4,529297
;3,288086;4,209961;4,141602;3,96582;3,103516;4,205078;5,444336;4,850586;5,081055;3,433594;4,214844;3,299805;3,667969;4,869141
;2,738281;3,620117;4,104492;2,913086;2,814453;4,149414;5,40918;4,96875;5,466797;2,671875;3,739258;2,882813;4,024414;4,19043
;2,838867;4,120117;3,724609;2,801758;2,298828;3,664063;5,69043;4,727539;5,169922;2,813477;2,93457;1,331055;4,349609;3,806641
;2,708984;4,098633;3,75;2,601563;2,053711;3,5;4,657227;4,992188;4,780273;3,083984;2,575195;0,5107422;4,447266;3,453125
;2,229492;3,945313;3,824219;2,97168;2,082031;3,65332;4,905273;4,9375;4,230469;3,436523;2,698242;0,9638672;4,554688;3,958008
;2,09668;3,491211;3,765625;2,825195;2,316406;3,583008;4,407227;4,794922;4,368164;3,422852;2,771484;3,505859;4,416992;4,009766
;2,168945;2,982422;0,1064453;2,801758;2,360352;3,671875;3,742188;4,867188;4,077148;4,047852;2,755859;4,041016;4,001953
;2,088867;2,651367;3,8125;3,313477;2,240234;3,370117;3,243164;5,443359;4,207031;3,55957;2,772461;4,291992;3,981445
;1,84082;3,365234;0,07128906;2,639648;2,483398;3,511719;2,969727;5,264648;3,780273;2,880859;2,427734;3,722656;4,102539
;1,638672;0,1328125;3,935547;2,15918;2,307617;3,540039;2,90918;5,412109;4,138672;2,733398;2,199219;3,300781;4,415039
;1,630859;2,12793;3,926758;1,607422;2,317383;3,374023;2,768555;5,486328;4,105469;2,563477;1,984375;0,5761719;3,601563
;1,258789;2,494141;4,021484;1,329102;2,149414;2,989258;2,349609;5,56543;4,106445;2,359375;1,818359;0,2167969;3,176758
;1,025391;2,666992;3,892578;1,313477;1,827148;2,701172;1,887695;5,054688;4,099609;2,282227;1,859375;3,254883
;0,9951172;3,164063;4,447266;1,253906;1,882813;2,854492;2,160156;4,952148;3,959961;2,365234;1,729492;2,727539
;0,890625;0,07714844;4,314453;1,668945;0,1044922;2,668945;2,1875;4,851563;4,19043;1,542969;1,84082;2,53125
;0,9462891;2,905273;4,617188;1,501953;0,07617188;3,194336;2,273438;5,192383;4,008789;1,735352;1,1875;2,200195
;0,9306641;3,087891;4,345703;1,532227;1,880859;1,393555;2,160156;5,073242;3,365234;1,533203;0,8183594;2,539063
;1,140625;3,21582;4,350586;1,262695;0,0859375;0,08691406;2,336914;5,241211;3,300781;1,545898;1,330078;2,009766
;1,566406;3,018555;4,274414;1,391602;1,741211;2,609375;1,989258;4,856445;3,228516;1,673828;1,234375;1,037109
;1,519531;3,152344;4,369141;0,08105469;3,06543;2,131836;5,132813;3,569336;1,602539;1,166992;1,532227
;1,598633;3,338867;3,839844;2,045898;3,320313;2,055664;4,767578;3,504883;1,59375;0,8046875;1,579102
;1,295898;0,07519531;4,060547;2,185547;3,261719;2,265625;3,881836;3,56543;1,666992;1,027344;1,492188
;1,584961;3,1875;4,007813;2,047852;2,660156;1,900391;3,988281;3,254883;1,735352;0,9150391;1,430664




























































