;13015;13015;13015;13015;13015;13015;13015;13015;13015;13015;13015;13015;13015;13015;13015;13015;13015;13015;13015;13015;13015;13015;13015;13015;13015
;24811;39096;34574;39096;39096;34574;24811;24811;34574;34574;39096;39096;24811;39096;24811;34574;34574;24811;24811;39096;34574;39096;34574;39096;34574
;39094;41018;40977;41018;41018;40977;39684;40054;40977;40977;40588;41018;39094;41018;44136;40977;40977;29113;39684;40588;40977;40588;40977;40588;40977
;60901;39906;43434;41753;39906;30739;46463;67045;30739;34086;29269;43846;60901;39906;46698;34086;30739;46463;37596;41235;30739;40077;36481;38302;30739
;58535;53235;40783;63896;53235;27204;60131;68279;27204;31031;43534;58010;58535;53235;72497;31031;27204;60131;36551;59288;27204;56448;31429;47145;27204
;56854;55134;34951;48513;49623;29851;60376;63238;29851;38629;54663;45069;61570;55134;65392;38629;29851;60376;70893;59061;29851;68448;32518;41696;29851
;56824;58331;39759;41854;50347;33925;66260;78052;33089;39494;57810;52938;50188;55188;64766;59338;33089;66260;67277;61376;33925;65661;26339;37441;33089
;65971;69788;39873;44269;66738;26397;62875;45694;34139;39424;58710;46586;49140;39463;73814;52250;34139;62875;71460;67447;26397;81536;35488;31412;34139
;70400;64870;64120;30381;67704;22883;46430;49761;29885;31887;63278;42658;45128;76267;73053;16008;29885;46430;63187;57448;23813;68067;38396;30343;29885
;61798;70467;56616;35532;72364;27996;45169;48131;25456;33961;66596;49846;43820;35981;76232;16079;25456;45169;65520;50123;29310;50311;49974;29892;25456
;62529;62773;46192;25114;68331;28000;35827;36145;29000;33893;48034;54781;56516;48590;70627;29119;29000;35827;43502;57042;24604;53437;46684;24408;32751
;28449;59281;33261;25952;74886;44982;30055;31429;26678;33228;58383;45950;42557;47009;70569;22009;26678;30055;39306;56502;25135;52927;45566;18476;40390
;12764;59107;47195;24759;74624;51223;31836;35873;53773;37392;72539;60949;41549;36522;70072;20217;53773;31836;65000;59569;25526;35094;42578;16926;8468
;13810;59260;40089;24380;83973;10404;31986;41693;42687;47724;71195;60866;27982;44335;70069;21950;42687;31986;61690;68230;20727;44481;44847;18551;8082
;14487;59107;39379;17356;87095;67299;28276;34371;43596;39482;70187;45381;26967;36072;77665;22759;43596;28276;66387;63045;27056;43424;49127;30445;63615
;21681;66795;42999;9267;77372;64451;29712;42912;36259;48437;68114;53577;26445;35450;84719;23719;36259;28426;68542;44071;34730;5128;58495;32422;64545
;22807;65040;4761;9697;73314;66394;28329;50260;39749;45956;76716;44806;31725;31439;82897;17613;39749;37823;58945;46307;36001;51684;67857;41305;51822
;21276;54643;17589;13244;87444;3354;36071;57407;32662;34779;45225;54167;21039;36253;74099;18778;32662;33656;68171;43031;30333;71742;49726;35514;51768
;22865;49630;15681;12199;66925;40615;36367;61412;42228;31573;25038;48356;37250;45150;102241;23665;42228;2727;66352;65439;25773;65314;46357;43600;39729
;28522;38565;20742;9091;84032;37882;24623;48721;51022;31904;679;54943;31088;46383;82165;27116;55453;4605;67389;91699;19383;100653;33178;42642;39425
;25746;47350;25751;9793;80955;51685;2477;61451;46924;29081;30849;62787;25547;42659;65520;26385;51323;24570;66065;67955;24257;88921;55873;59595;27500
;43231;42440;34722;10893;10978;38483;37830;39912;49250;32396;25770;54011;18219;39638;84364;21617;50544;19866;65984;47817;36733;61226;38721;83400;37425
;4796;33162;26311;13684;88060;42869;36250;61451;42472;28586;10706;47606;15182;42659;98476;6571;45548;13349;49848;28271;19510;63841;32540;75094;76229
;35254;26403;18847;14468;49621;42873;41146;42935;49250;19417;8226;51235;13411;39638;108753;11088;36019;11683;44441;27239;21643;65738;34673;55883;62025
;41398;12259;20437;16333;52641;32048;35976;58042;42472;23645;11883;34968;12962;42659;108616;12890;31525;18454;35027;22223;21708;72891;50678;61974;45145
;41193;750;19297;17622;23542;34199;44537;37370;49250;25474;15588;30048;15109;39638;99436;13436;27631;23507;40783;11436;23645;54619;51354;39081;53106
;30566;6875;25088;7912;12252;17174;22089;26929;42472;34849;19534;25818;10535;42659;67846;14061;28196;18113;24856;9446;22288;70856;39601;24906;45330
;36918;8752;21872;12878;9796;18023;9180;35704;49250;36309;34104;20073;14339;39638;59974;10122;35973;20825;20440;12335;13627;58398;38410;23662;29526
;20489;9917;25804;13325;15849;21449;13150;4079;42472;22094;40682;24682;18016;42659;41212;9857;28196;21604;21017;10749;6050;47792;43480;24938;32651
;15274;8763;14340;9255;13857;16122;16355;32872;49250;26167;56587;18188;20426;39638;46985;12649;35973;8297;26987;11337;8492;49482;30695;21758;16451
;10223;7807;16903;6507;16181;13588;13620;28937;42472;21094;41264;9431;4689;29260;45422;13337;28196;10975;19644;5529;21886;48739;28876;24793;16480
;3183;10040;27741;11150;16338;16664;16887;39376;49250;21834;49942;6456;8810;28677;53706;13840;35973;13746;9287;7587;6897;39525;28090;20636;16746
;2484;14467;24570;2368;15286;16551;19181;45693;42472;16038;29515;7262;12190;32224;42106;18278;28184;18266;19914;7374;10115;37415;7333;7747;13298
;3880;10732;31675;2521;13740;11171;12205;52329;49250;30271;41162;8910;6651;43017;28737;13227;35973;11469;20861;10069;6898;16959;17863;2640;1454
;3993;11073;25745;2368;15598;11017;13123;46533;42472;19525;39160;7407;1907;32832;35237;19589;28196;4404;19914;6758;7500;17396;20679;5622;10589
;4622;14493;32816;2521;16473;9074;9543;51791;49250;6007;26809;5670;5261;21906;32847;17562;35973;4459;20861;10069;6377;14206;23681;7322;11867
;3798;18179;22670;2368;14131;11881;7942;63029;42472;4148;27699;5051;4493;29303;28000;1411;28184;5418;19914;6758;9349;21106;47764;8662;798
;1906;30362;11072;10715;12287;7937;6819;87546;49250;5743;9251;11804;5685;28051;18535;1616;13466;2787;20861;10069;5849;13730;4502;4869;15171
;3121;34728;6686;2368;10316;7647;7087;74657;42472;4957;8094;15736;4085;28905;10384;9763;13157;4465;19914;10761;6970;10092;46331;9591;11532
;1765;37000;6270;10715;20183;6591;6371;91724;49250;6616;3903;2743;7153;29688;10743;12984;15899;4856;20861;9540;6524;6996;17400;5552;9899




























































