;0,4541016;0,2792969;0,4287109;0,2851563;0,2832031;0,4375;0,2910156;0,2832031;0,2832031;0,2900391;0,2832031;0,2890625;0,2802734;0,2832031;0,28125
;0,2158203;0,4345703;0,3671875;0,3027344;0,46875;0,3310547;0,6191406;0,4970703;0,3066406;0,3886719;0,2734375;0,4824219;0,0859375;0,3574219;0,5839844
;0,2763672;0,8769531;0,6484375;0,6884766;0,2861328;0,6035156;1,847656;0,5410156;0,1923828;1,03125;0,359375;0,3027344;0,2324219;1,131836;0,5878906
;0,9462891;1,171875;0,6171875;0,3935547;0,640625;0,4804688;2,139648;0,9921875;0,5761719;0,5585938;1,014648;0,3896484;0,3837891;1,066406;0,6601563
;0,7255859;1,493164;1,276367;0,5966797;0,15625;0,4892578;0,3339844;0,4804688;0,4814453;0,71875;0,2148438;0,005859375;0,4697266;1,632813;1,364258
;0,3515625;1,147461;0,9853516;0,8955078;0,3798828;0,6279297;0,7792969;0,7050781;0,4208984;0,7353516;0,1220703;0,4658203;0,5644531;0,5791016;0,4677734
;0,3242188;1,142578;0,6855469;0,765625;0,6689453;0,8691406;1,521484;0,8720703;0,5957031;0,109375;0,01855469;0,7119141;0,3613281;0,4189453;0,4199219
;0,4677734;1,104492;0,5273438;0,7548828;0,703125;1,029297;1,007813;0,6787109;0,6044922;0,9150391;0,2353516;0,6513672;0,6845703;0,8759766;0,4619141
;0,921875;1,448242;0,3857422;0,9765625;1,28125;0,7753906;0,6503906;0,5166016;0,5195313;0,71875;0,25;0,005859375;0,4150391;0,7050781;0,3798828
;0,7675781;1,787109;0,5410156;0,9072266;1,179688;0,7460938;0,8085938;0,7666016;0,65625;0,5429688;0,3076172;0,5166016;0,421875;0,8642578;0,3457031
;0,5214844;1,114258;0,7666016;0,9824219;0,5058594;0,5126953;0,3613281;1,373047;0,02636719;0,3964844;0,453125;0,4042969;0,4101563;0,5166016;0,6611328
;1,459961;1,410156;0,7470703;0,7402344;0,006835938;0,6513672;0,2978516;2,923828;0,2939453;0,5322266;0,40625;0,6474609;2,52832;0,4433594;0,3046875
;0,6240234;1,094727;0,03613281;1,029297;0,4101563;0,5634766;0,359375;1,686523;0,2792969;0,5478516;0,4052734;0,4804688;2,75293;0,1533203;0,6533203
;0,2011719;1,194336;0,3681641;1,084961;0,4667969;0,5800781;0,02148438;0,8378906;0,4589844;0,1826172;0,6337891;0,6933594;1,613281;0,1259766;0,9511719
;0,1962891;0,9101563;0,005859375;1,058594;0,5830078;0,6132813;0,03417969;0,2490234;0,4863281;0,8857422;0,7597656;0,5322266;1,746094;0,1914063;1,350586
;0,008789063;0,6904297;0,5185547;1,500977;0,2744141;0,9023438;0,008789063;0,2929688;0,5537109;0,9072266;0,7529297;0,4238281;1,62793;0,2070313;0,4814453
;0,1494141;0,53125;0,4599609;0,01367188;0,1005859;0,484375;0,01269531;0,2792969;0,3730469;0,1669922;0,005859375;0,3613281;0,2617188;0,1904297;0,01757813
;0,1855469;0,3535156;0,5498047;0,01757813;0,1992188;0,7548828;0,004882813;0,2001953;0,4365234;0,1435547;0,2207031;0,4267578;0,4287109;0,3154297;0,1953125
;0,1806641;0,3662109;0,5556641;0,5625;0,1953125;0,5966797;0,05273438;0,1435547;0,6259766;0,001953125;0,2783203;0,01757813;0,3779297;0,2226563;0,07519531
;0,2138672;0,06542969;1,015625;0,7529297;0,1171875;1,035156;0,01757813;0,9921875;0,4609375;0,1191406;0,2900391;0,01953125;0,5068359;0,3076172;0,2431641
;0,1767578;0,9365234;0,4228516;0,9257813;0,2158203;1,351563;0,01269531;0,5595703;0,6162109;0,00390625;0,2558594;0,3378906;0,3105469;0,3994141;0,1044922
;0,2431641;0,1132813;0,2470703;0,5537109;0,06152344;0,9560547;0,02734375;1,271484;0,4267578;0,2763672;0,7900391;0,15625;0,4492188;0,6982422;0,1318359
;0,015625;0,2558594;0,015625;0,5498047;0,2060547;0,8222656;0,02734375;0,8251953;0,5449219;0,008789063;0,5244141;0,2412109;0,3193359;0,1279297;0,00390625
;0,1181641;0,1240234;0,01171875;0,7548828;0,04980469;0,6298828;0,015625;0,5546875;0,375;0,006835938;0,1523438;0,2402344;0,6572266;0,2441406;0,002929688
;0,1572266;0,1240234;0,01660156;0,5654297;0,01464844;1,083984;0,002929688;0,1464844;0,3144531;0,1025391;0,2109375;0,4462891;0,4140625;0,4042969;0,03125
;0,1396484;0,25;0,3339844;0,4589844;0,0078125;0,6357422;0,015625;0,0703125;0,2148438;0,1005859;0,01269531;0,6513672;0,3320313;0,1738281;0,002929688
;0,1152344;0,04296875;0,1289063;0,6464844;0,0078125;0,6269531;0,02929688;0,08300781;0,203125;0,0390625;0,140625;0,4003906;0,6455078;0,4667969;0,04394531
;0,3017578;0,0234375;0,1230469;0,6669922;0,015625;0,7587891;0,009765625;0,2519531;0,3515625;0,05664063;0,1611328;0,1171875;0,7607422;0,1865234;0,008789063
;0,109375;0,02050781;0,1171875;0,8515625;0,01953125;0,5527344;0,01367188;0,1396484;0,4111328;0,09765625;0,1181641;0,2597656;0,8554688;0,2304688;0,006835938
;0,1113281;0,03515625;0,109375;0,4257813;0,02246094;0,8066406;0,005859375;0,1416016;0,4287109;0,2177734;0,09960938;0,2099609;0,8583984;0,3603516;0,01757813
;0,06152344;0,01855469;0,1191406;0,2333984;0,01171875;0,6210938;0,01074219;0,1933594;0,3457031;0,1650391;0,01269531;0,02148438;0,4541016;0,1240234;0,001953125
;0,1191406;0,03222656;0,1357422;0,2089844;0,006835938;0,3251953;0,03027344;0,1650391;0,3974609;0,08789063;0,1083984;0,03320313;0,5429688;0,09375;0,00390625
;0,06347656;0,004882813;0,0859375;0,3134766;0,001953125;0,3203125;0,01855469;0,1640625;0,3242188;0,2041016;0,006835938;0,0234375;0,4902344;0,1513672;0,0078125
;0,04882813;0,005859375;0,08691406;0,09082031;0,004882813;0,7783203;0,008789063;0,1748047;0,5390625;0,1210938;0,006835938;0,01757813;0,4804688;0,1064453;0,001953125
;0,08398438;0,006835938;0,09765625;0,009765625;0,001953125;0,5869141;0,004882813;0,2998047;0,3916016;0,1064453;0,0078125;0,01855469;0,5976563;0,1220703;0,002929688
;0,07714844;0,00390625;0,1015625;0,01367188;0,001953125;0,6884766;0,004882813;0,4199219;0,3964844;0,09863281;0,00390625;0,01757813;0,6523438;0,1191406;0,001953125
;0,0859375;0,001953125;0,09960938;0,01269531;0,001953125;0,8212891;0,001953125;0,1982422;0,3945313;0,04589844;0,00390625;0,0009765625;0,6699219;0,1591797;0,001953125
;0,06738281;0,0009765625;0,08300781;0,01269531;0,001953125;0,8310547;0,001953125;0,15625;0,5439453;0,03222656;0,002929688;0,01464844;0,5673828;0,1103516;0,001953125
;0,08300781;0;0,1044922;0,01269531;0,001953125;0,7773438;0,001953125;0,1601563;0,3974609;0,0859375;0,008789063;0,00390625;0,65625;0,2666016;0,00390625
;0,06738281;0;0,0859375;0,0078125;0,001953125;1,037109;0,002929688;0,1962891;0,4306641;0,1767578;0,001953125;0,005859375;0,4755859;0,1103516;0,001953125




























































