;10266;10262;9955;10331;10288;10180;10242;10191;10211;10150;10078;10275;10189;10164;10276
;13147;12226;10598;12926;13290;12900;13336;12933;12137;12146;13406;12214;12928;13034;10580
;15282;10726;12274;14785;15855;16276;15769;15453;10726;10749;15899;10345;16229;15695;12387
;13346;11250;12303;15495;15293;16455;16452;15731;11987;10190;18145;8804;17021;15193;13029
;13961;11491;11953;10034;10906;17069;18107;10682;11900;8670;12940;10013;18948;16001;12741
;11528;11484;12388;10398;8683;16928;17690;8287;12862;8957;11578;8945;13647;17062;12892
;10854;10287;13541;11616;9887;11392;12718;8029;14048;7740;10961;7472;10956;16667;12153
;10881;12225;13500;11645;10063;11366;10396;6451;13698;8224;11859;7495;8481;16295;13144
;9675;12263;14334;10678;9993;11047;9392;7315;13799;8804;12674;7628;7676;16130;12732
;9628;11920;13067;11296;10053;11464;8061;7472;9758;8730;14666;8616;7966;16968;12910
;7884;11444;12965;12729;10128;9644;8752;8049;8757;9802;15027;10856;7688;16498;14382
;8658;11411;13786;13826;9310;9152;8779;7698;9404;6942;14748;12502;6711;14423;11496
;9182;11599;14822;14368;9404;9950;9058;6020;8560;6396;14644;14263;6516;11604;12120
;6880;13046;14379;11279;9800;12528;7238;4684;7359;6940;13602;13535;6467;12668;12040
;6872;13951;15575;12481;9092;9556;5961;3105;7142;6455;16527;13375;6497;13001;11205
;5921;12483;14628;12150;8318;8001;5707;2736;7174;6615;17466;14325;6087;15106;11362
;4509;9435;12183;12163;8041;9547;6745;2006;6984;5548;14349;15398;5914;14246;10399
;4288;9118;12219;12032;7801;7686;6511;1436;5934;4851;14206;16742;6589;14901;10432
;3274;10040;11520;13633;7161;6148;7438;1737;6041;3367;15886;16990;5879;11994;10616
;3281;8012;10147;10481;7165;5889;6909;12;6038;2524;16574;16016;5919;12005;11345
;6331;6494;13140;9153;6847;5872;7562;20;6454;2477;15741;16034;5093;12950;10902
;2538;3066;13806;7254;5841;4662;6060;6341;2337;12828;15967;4599;13066;11046
;1812;3737;14231;6567;5553;3293;5810;1301;2098;2003;9514;17055;3341;13185;12111
;1783;2364;14124;6744;4582;3194;3963;650;1884;1821;7558;16170;3324;12890;10689
;1889;3140;9286;6331;4707;3304;3583;653;1417;1720;8120;16928;3107;14425;10646
;3159;3565;10505;5567;5225;3413;3009;646;1693;574;7722;18258;3725;14902;10425
;1925;2769;8590;5679;4196;2790;18;1516;571;2702;10141;3976;12328;9031
;1223;3279;8438;4470;3486;1800;400;1374;572;2351;8285;3481;13257;9036
;800;1920;6442;4305;3262;1229;400;1282;575;2757;9728;1747;14642;10447
;800;3036;6316;3865;3422;1389;400;1063;400;2033;7467;1880;10802;8765
;400;1482;5902;2765;1173;791;1;564;400;2098;7317;1679;11745;7645
;400;1547;6208;2787;1175;532;1;570;400;1544;5824;5;10303;8470
;1;1293;5429;3350;1366;400;800;565;1;1570;5343;3;11000;8727
;1267;5658;2976;800;400;400;799;568;1155;7042;1;9994;8493
;1297;4352;2307;400;3879;1;800;400;1;7069;5227;11139;8518
;1354;5002;2965;400;3709;1;400;2253;6637;1548;9710;9525
;571;4888;1580;400;1328;400;800;1290;400;1961;10349;1058;10938;9596
;565;2608;1515;400;1270;400;1;1;1575;6849;1413;8927;8568
;573;2166;1599;400;1255;400;800;995;1363;6524;563;8901;7647
;568;2495;1233;400;1249;400;1;1045;1553;5545;400;7779;3507




























































