;5,086914;4,981445;4,904297;5,291016;5,102539;4,964844;4,801758;4,988281;5,379883;4,988281;5,036133;4,869141;5,009766;5,083984;5,136719
;5,864258;6,092773;5,438477;5,501953;6,180664;5,459961;5,704102;5,791016;5,928711;6,063477;6,380859;5,931641;5,78125;5,796875;5,306641
;6,40918;5,388672;5,647461;6,239258;6,137695;6,211914;6,356445;6,871094;5,438477;5,595703;6,513672;5,419922;6,607422;6,519531;5,84375
;5,517578;5,168945;5,088867;6,330078;6,768555;6,644531;6,519531;6,360352;5,803711;5,333984;7,546875;5,384766;6,820313;6,914063;5,466797
;5,863281;4,663086;4,888672;5,014648;5,788086;6,5625;6,714844;4,956055;5;5,366211;5,773438;4,990234;6,130859;6,412109;5,529297
;5,016602;4,354492;5,644531;4,860352;5,136719;6,548828;6,271484;4,553711;5,233398;4,321289;6,105469;4,484375;4,923828;6,798828;5,138672
;5,146484;4,564453;5,693359;4,893555;5,544922;5,494141;5,364258;4,401367;5,446289;4,431641;5,691406;4,509766;4,486328;6,388672;5,333984
;5,47168;4,275391;5,344727;4,435547;5,829102;5,197266;4,950195;3,830078;4,777344;4,439453;5,539063;4,425781;3,900391;6,144531;5,521484
;4,996094;4,466797;5,717773;4,582031;5,854492;5,133789;4,532227;4,007813;4,835938;4,201172;5,095703;4,248047;3,78125;6,40625;5,445313
;4,746094;4,139648;5,487305;4,56543;5,795898;4,416992;4,56543;4,204102;4,083008;4,392578;4,373047;4,474609;3,681641;6,210938;6,107422
;4,446289;4,063477;5,373047;4,567383;5,081055;4,100586;4,294922;3,71582;4,129883;4,5625;4,568359;4,638672;3,904297;6,105469;6,353516
;4,802734;3,917969;5,352539;4,991211;5,106445;4,183594;4,655273;3,754883;3,958008;4,242188;4,443359;4,671875;3,302734;6,285156;5,087891
;5,092773;4,302734;5,479492;5,143555;5,472656;4,297852;4,81543;3,082031;3,514648;3,645508;4,417969;4,720703;3,5;5,300781;5,900391
;4,508789;3,994141;5,124023;4,073242;5,435547;4,369141;4,479492;2,547852;3,256836;3,938477;4,166016;4,537109;3,833984;5,341797;5,316406
;4,172852;4,116211;5,650391;4,082031;5,384766;3,980469;4,751953;2,901367;2,993164;3,866211;4,5625;4,451172;3,863281;5,322266;4,724609
;4,047852;4,116211;5,459961;3,881836;5,041016;3,837891;4,667969;2,604492;3,008789;3,919922;4,46875;4,707031;3,96875;4,939453;4,900391
;3,635742;3,438477;5,333984;3,991211;5,511719;3,936523;4,101563;2,516602;2,870117;3,793945;3,769531;4,947266;4,078125;4,666016;4,287109
;3,696289;3,134766;5,644531;4,074219;5,158203;3,753906;4,055664;2,438477;2,706055;4,069336;3,96875;4,804688;3,976563;4,347656;4,154297
;3,317383;3,234375;5,464844;4,130859;4,643555;3,228516;4,001953;2,351563;2,676758;3,583984;3,982422;5,166016;3,669922;4,09375;4,007813
;3,459961;3,00293;5,010742;3,738281;3,788086;2,916016;4,194336;0,1142578;2,794922;3,376953;3,921875;4,742188;3,720703;3,951172;4,152344
;3,5625;2,563477;5,111328;3,666992;4,105469;3,304688;3,75293;0,1064453;3,018555;3,270508;3,544922;4,482422;3,550781;3,871094;3,267578
;2,885742;2,182617;5,116211;2,97168;3,500977;3,136719;3,547852;3,023438;3,304688;3,404297;4,503906;3,152344;3,923828;3,3125
;2,81543;2,178711;5,283203;3,216797;3,014648;2,674805;3,831055;2,121094;2,34375;3,34082;3,083984;4,791016;2,857422;3,925781;3,414063
;2,723633;1,813477;4,387695;2,737305;2,791992;2,882813;3,412109;2,646484;2,603516;3,436523;2,503906;4,376953;2,783203;3,703125;3,015625
;2,833008;1,635742;3,78418;2,508789;2,975586;3,001953;3,59375;2,65918;2,569336;3,488281;2,443359;3,8125;2,732422;3,410156;2,757813
;2,605469;1,68457;3,782227;2,34375;3,329102;2,697266;2,90332;2,794922;2,121094;3,478516;2,472656;3,767578;2,611328;3,589844;2,863281
;2,379883;1,894531;3,501953;2,43457;3,008789;2,893555;0,1298828;1,931641;3,557617;2,033203;2,701172;2,742188;3,339844;2,025391
;2,936523;1,768555;2,808594;2,333008;2,731445;2,860352;3,107422;2,511719;3,581055;1,898438;1,953125;2,275391;3,558594;1,808594
;2,833008;1,983398;2,376953;2,0625;2,933594;2,62207;3,220703;2,463867;3,521484;1,738281;2,441406;2,021484;3,613281;2,240234
;3,039063;1,026367;2,387695;2,142578;1,930664;2,514648;3,290039;2,123047;3,592773;1,908203;1,722656;2,085938;3,123047;1,769531
;2,964844;1,923828;2,158203;1,736328;2,505859;2,728516;0,09375;2,53418;3,733398;1,859375;1,527344;2,009766;2,929688;1,765625
;3,227539;1,938477;2,246094;2,231445;2,646484;2,611328;0,07714844;2,72168;3,619141;2,181641;1,347656;0,08007813;2,332031;1,638672
;0,06542969;2,123047;2,345703;2,044922;2,426758;2,46582;2,863281;2,868164;0,09765625;1,816406;1,404297;0,078125;2,326172;1,832031
;1,873047;2,519531;1,946289;2,8125;2,637695;3,660156;3,210938;2,65918;1,738281;1,443359;0,07226563;2,197266;1,669922
;2,051758;1,432617;2,268555;2,962891;0,7880859;0,2216797;2,826172;2,639648;0,07617188;1,451172;1,996094;2,126953;1,617188
;2,15918;2,253906;2,416992;2,790039;0,5302734;0,07910156;2,80957;1,572266;1,455078;2,167969;2,142578;1,884766
;2,794922;2,025391;2,326172;3,064453;1,618164;3,193359;2,732422;2,583008;3,59375;1,888672;2,013672;1,929688;2,275391;1,832031
;2,748047;1,77832;2,324219;2,847656;1,433594;3,413086;0,078125;0,08398438;1,740234;1,388672;2,111328;2,029297;2,337891
;2,908203;1,72168;2,125;2,728516;1,78125;3,077148;2,735352;3,337891;1,492188;1,341797;2,341797;1,869141;2,429688
;2,871094;1,660156;1,907227;2,796875;1,720703;3,012695;0,08203125;3,935547;1,546875;1,322266;2,332031;2,435547;1,605469




























































